0.00000	0.44629	0.00000	0.44626
0.00002	0.35300	0.00002	0.35300
0.00005	0.24033	0.00005	0.24033
0.00007	0.11688	0.00007	0.11688
0.00009	-0.00494	0.00009	-0.00497
0.00011	-0.11206	0.00011	-0.11203
0.00014	-0.19830	0.00014	-0.19827
0.00016	-0.25885	0.00016	-0.25885
0.00018	-0.29092	0.00018	-0.29095
0.00020	-0.29376	0.00020	-0.29373
0.00023	-0.26749	0.00023	-0.26752
0.00025	-0.21378	0.00025	-0.21381
0.00027	-0.13519	0.00027	-0.13519
0.00029	-0.03418	0.00029	-0.03421
0.00032	0.07889	0.00032	0.07889
0.00034	0.19318	0.00034	0.19321
0.00036	0.29910	0.00036	0.29907
0.00039	0.38358	0.00039	0.38358
0.00041	0.43991	0.00041	0.43988
0.00043	0.46466	0.00043	0.46466
0.00045	0.45645	0.00045	0.45648
0.00048	0.41815	0.00048	0.41815
0.00050	0.35266	0.00050	0.35269
0.00052	0.26254	0.00052	0.26254
0.00054	0.15320	0.00054	0.15320
0.00057	0.03003	0.00057	0.03006
0.00059	-0.09744	0.00059	-0.09744
0.00061	-0.21744	0.00061	-0.21741
0.00063	-0.32071	0.00063	-0.32065
0.00066	-0.39691	0.00066	-0.39691
0.00068	-0.44043	0.00068	-0.44043
0.00070	-0.44949	0.00070	-0.44949
0.00073	-0.42657	0.00073	-0.42657
0.00075	-0.37613	0.00075	-0.37613
0.00077	-0.30173	0.00077	-0.30173
0.00079	-0.21030	0.00079	-0.21030
0.00082	-0.10730	0.00082	-0.10733
0.00084	0.00214	0.00084	0.00217
0.00086	0.10883	0.00086	0.10886
0.00088	0.20233	0.00088	0.20236
0.00091	0.27225	0.00091	0.27225
0.00093	0.31216	0.00093	0.31216
0.00095	0.31641	0.00095	0.31641
0.00098	0.28476	0.00098	0.28479
0.00100	0.22305	0.00100	0.22305
0.00102	0.13635	0.00102	0.13635
0.00104	0.03397	0.00104	0.03397
0.00107	-0.07773	0.00107	-0.07776
0.00109	-0.19342	0.00109	-0.19342
0.00111	-0.30472	0.00111	-0.30472
0.00113	-0.40488	0.00113	-0.40488
0.00116	-0.48584	0.00116	-0.48584
0.00118	-0.53873	0.00118	-0.53873
0.00120	-0.55893	0.00120	-0.55893
0.00122	-0.54230	0.00122	-0.54227
0.00125	-0.49216	0.00125	-0.49216
0.00127	-0.41635	0.00127	-0.41635
0.00129	-0.31982	0.00129	-0.31985
0.00132	-0.21280	0.00132	-0.21280
0.00134	-0.10422	0.00134	-0.10419
0.00136	0.00156	0.00136	0.00159
0.00138	0.09680	0.00138	0.09680
0.00141	0.17502	0.00141	0.17502
0.00143	0.22968	0.00143	0.22968
0.00145	0.25479	0.00145	0.25479
0.00147	0.24664	0.00147	0.24667
0.00150	0.20334	0.00150	0.20340
0.00152	0.13107	0.00152	0.13107
0.00154	0.03705	0.00154	0.03702
0.00156	-0.06897	0.00156	-0.06900
0.00159	-0.17752	0.00159	-0.17752
0.00161	-0.27969	0.00161	-0.27966
0.00163	-0.36981	0.00163	-0.36984
0.00166	-0.44305	0.00166	-0.44305
0.00168	-0.49298	0.00168	-0.49295
0.00170	-0.51736	0.00170	-0.51736
0.00172	-0.51062	0.00172	-0.51062
0.00175	-0.47079	0.00175	-0.47079
0.00177	-0.40036	0.00177	-0.40036
0.00179	-0.30469	0.00179	-0.30469
0.00181	-0.19272	0.00181	-0.19275
0.00184	-0.07483	0.00184	-0.07483
0.00186	0.03882	0.00186	0.03882
0.00188	0.14078	0.00188	0.14078
0.00190	0.22455	0.00190	0.22455
0.00193	0.28659	0.00193	0.28662
0.00195	0.32300	0.00195	0.32297
0.00197	0.33102	0.00197	0.33099
0.00200	0.30939	0.00200	0.30942
0.00202	0.25592	0.00202	0.25589
0.00204	0.17737	0.00204	0.17734
0.00206	0.08011	0.00206	0.08011
0.00209	-0.02902	0.00209	-0.02899
0.00211	-0.13480	0.00211	-0.13480
0.00213	-0.22824	0.00213	-0.22824
0.00215	-0.30310	0.00215	-0.30307
0.00218	-0.35352	0.00218	-0.35349
0.00220	-0.37683	0.00220	-0.37683
0.00222	-0.37292	0.00222	-0.37292
0.00224	-0.34171	0.00224	-0.34171
0.00227	-0.28284	0.00227	-0.28284
0.00229	-0.19849	0.00229	-0.19846
0.00231	-0.09232	0.00231	-0.09229
0.00234	0.02695	0.00234	0.02698
0.00236	0.14914	0.00236	0.14914
0.00238	0.26318	0.00238	0.26318
0.00240	0.35904	0.00240	0.35904
0.00243	0.42987	0.00243	0.42987
0.00245	0.47153	0.00245	0.47150
0.00247	0.48312	0.00247	0.48312
0.00249	0.46613	0.00249	0.46613
0.00252	0.42224	0.00252	0.42227
0.00254	0.35364	0.00254	0.35364
0.00256	0.26431	0.00256	0.26437
0.00259	0.15945	0.00259	0.15942
0.00261	0.04858	0.00261	0.04861
0.00263	-0.05695	0.00263	-0.05695
0.00265	-0.14740	0.00265	-0.14740
0.00268	-0.21460	0.00268	-0.21463
0.00270	-0.25107	0.00270	-0.25107
0.00272	-0.25623	0.00272	-0.25623
0.00274	-0.23184	0.00274	-0.23184
0.00277	-0.17938	0.00277	-0.17935
0.00279	-0.10483	0.00279	-0.10483
0.00281	-0.01038	0.00281	-0.01038
0.00283	0.09741	0.00283	0.09741
0.00286	0.21198	0.00286	0.21198
0.00288	0.32608	0.00288	0.32608
0.00290	0.42871	0.00290	0.42871
0.00293	0.50858	0.00293	0.50854
0.00295	0.55844	0.00295	0.55844
0.00297	0.57358	0.00297	0.57358
0.00299	0.55362	0.00299	0.55362
0.00302	0.50330	0.00302	0.50330
0.00304	0.42722	0.00304	0.42725
0.00306	0.33301	0.00306	0.33301
0.00308	0.22479	0.00308	0.22476
0.00311	0.10962	0.00311	0.10962
0.00313	-0.00354	0.00313	-0.00354
0.00315	-0.10916	0.00315	-0.10916
0.00317	-0.19681	0.00317	-0.19681
0.00320	-0.25671	0.00320	-0.25671
0.00322	-0.28452	0.00322	-0.28452
0.00324	-0.27591	0.00324	-0.27588
0.00327	-0.23364	0.00327	-0.23361
0.00329	-0.16370	0.00329	-0.16370
0.00331	-0.07397	0.00331	-0.07397
0.00333	0.02759	0.00333	0.02762
0.00336	0.13483	0.00336	0.13486
0.00338	0.24033	0.00338	0.24033
0.00340	0.33780	0.00340	0.33780
0.00342	0.41922	0.00342	0.41919
0.00345	0.47705	0.00345	0.47708
0.00347	0.50275	0.00347	0.50275
0.00349	0.49188	0.00349	0.49188
0.00351	0.44531	0.00351	0.44531
0.00354	0.36594	0.00354	0.36594
0.00356	0.26376	0.00356	0.26373
0.00358	0.14746	0.00358	0.14746
0.00361	0.02521	0.00361	0.02518
0.00363	-0.09277	0.00363	-0.09277
0.00365	-0.20013	0.00365	-0.20013
0.00367	-0.29272	0.00367	-0.29272
0.00370	-0.36267	0.00370	-0.36267
0.00372	-0.40436	0.00372	-0.40439
0.00374	-0.41391	0.00374	-0.41388
0.00376	-0.38766	0.00376	-0.38766
0.00379	-0.32910	0.00379	-0.32913
0.00381	-0.24344	0.00381	-0.24341
0.00383	-0.14056	0.00383	-0.14056
0.00385	-0.03033	0.00385	-0.03033
0.00388	0.07748	0.00388	0.07742
0.00390	0.17212	0.00390	0.17215
0.00392	0.25134	0.00392	0.25134
0.00395	0.30817	0.00395	0.30817
0.00397	0.33737	0.00397	0.33737
0.00399	0.33777	0.00399	0.33780
0.00401	0.30530	0.00401	0.30530
0.00404	0.24033	0.00404	0.24033
0.00406	0.14755	0.00406	0.14752
0.00408	0.03314	0.00408	0.03311
0.00410	-0.09137	0.00410	-0.09137
0.00413	-0.21359	0.00413	-0.21359
0.00415	-0.32428	0.00415	-0.32428
0.00417	-0.41571	0.00417	-0.41571
0.00420	-0.48355	0.00420	-0.48352
0.00422	-0.52301	0.00422	-0.52298
0.00424	-0.53470	0.00424	-0.53470
0.00426	-0.51767	0.00426	-0.51767
0.00429	-0.46918	0.00429	-0.46915
0.00431	-0.39374	0.00431	-0.39377
0.00433	-0.29514	0.00433	-0.29510
0.00435	-0.18127	0.00435	-0.18130
0.00438	-0.06610	0.00438	-0.06610
0.00440	0.04224	0.00440	0.04224
0.00442	0.13345	0.00442	0.13345
0.00444	0.19836	0.00444	0.19833
0.00447	0.23593	0.00447	0.23596
0.00449	0.24487	0.00449	0.24484
0.00451	0.22424	0.00451	0.22427
0.00454	0.17661	0.00454	0.17661
0.00456	0.10361	0.00456	0.10361
0.00458	0.00827	0.00458	0.00827
0.00460	-0.10107	0.00460	-0.10104
0.00463	-0.21588	0.00463	-0.21591
0.00465	-0.32587	0.00465	-0.32587
0.00467	-0.41977	0.00467	-0.41974
0.00469	-0.48825	0.00469	-0.48822
0.00472	-0.52777	0.00472	-0.52780
0.00474	-0.53619	0.00474	-0.53619
0.00476	-0.51437	0.00476	-0.51437
0.00478	-0.46646	0.00478	-0.46646
0.00481	-0.39413	0.00481	-0.39410
0.00483	-0.30185	0.00483	-0.30185
0.00485	-0.19397	0.00485	-0.19397
0.00488	-0.07770	0.00488	-0.07773
0.00490	0.03720	0.00490	0.03717
0.00492	0.14200	0.00492	0.14200
0.00494	0.22580	0.00494	0.22580
0.00497	0.28061	0.00497	0.28061
0.00499	0.30286	0.00499	0.30289
0.00501	0.29318	0.00501	0.29318
0.00503	0.25476	0.00503	0.25476
0.00506	0.19205	0.00506	0.19208
0.00508	0.11163	0.00508	0.11166
0.00510	0.01791	0.00510	0.01791
0.00512	-0.08429	0.00512	-0.08429
0.00515	-0.18619	0.00515	-0.18622
0.00517	-0.27930	0.00517	-0.27930
0.00519	-0.35590	0.00519	-0.35593
0.00522	-0.40588	0.00522	-0.40591
0.00524	-0.42313	0.00524	-0.42316
0.00526	-0.40759	0.00526	-0.40759
0.00528	-0.36023	0.00528	-0.36020
0.00531	-0.28622	0.00531	-0.28619
0.00533	-0.19278	0.00533	-0.19284
0.00535	-0.08682	0.00535	-0.08682
0.00537	0.02609	0.00537	0.02606
0.00540	0.13840	0.00540	0.13840
0.00542	0.24423	0.00542	0.24426
0.00544	0.33734	0.00544	0.33734
0.00546	0.40683	0.00546	0.40686
0.00549	0.44644	0.00549	0.44647
0.00551	0.45251	0.00551	0.45251
0.00553	0.42407	0.00553	0.42410
0.00556	0.36502	0.00556	0.36502
0.00558	0.28253	0.00558	0.28253
0.00560	0.18680	0.00560	0.18680
0.00562	0.08508	0.00562	0.08505
0.00565	-0.01712	0.00565	-0.01709
0.00567	-0.11063	0.00567	-0.11063
0.00569	-0.19125	0.00569	-0.19125
0.00571	-0.25305	0.00571	-0.25302
0.00574	-0.28784	0.00574	-0.28784
0.00576	-0.29193	0.00576	-0.29196
0.00578	-0.26202	0.00578	-0.26199
0.00580	-0.20010	0.00580	-0.20010
0.00583	-0.11194	0.00583	-0.11194
0.00585	-0.00580	0.00585	-0.00580
0.00587	0.10803	0.00587	0.10800
0.00590	0.22076	0.00590	0.22079
0.00592	0.32443	0.00592	0.32440
0.00594	0.41324	0.00594	0.41321
0.00596	0.48337	0.00596	0.48337
0.00599	0.52756	0.00599	0.52753
0.00601	0.54269	0.00601	0.54269
0.00603	0.52585	0.00603	0.52585
0.00605	0.47394	0.00605	0.47397
0.00608	0.39368	0.00608	0.39368
0.00610	0.29129	0.00610	0.29126
0.00612	0.17621	0.00612	0.17621
0.00615	0.06149	0.00615	0.06149
0.00617	-0.04459	0.00617	-0.04459
0.00619	-0.13440	0.00619	-0.13440
0.00621	-0.20200	0.00621	-0.20200
0.00624	-0.24539	0.00624	-0.24542
0.00626	-0.26184	0.00626	-0.26187
0.00628	-0.24796	0.00628	-0.24796
0.00630	-0.20389	0.00630	-0.20389
0.00633	-0.13074	0.00633	-0.13074
0.00635	-0.03378	0.00635	-0.03378
0.00637	0.07843	0.00637	0.07843
0.00639	0.19562	0.00639	0.19562
0.00642	0.30548	0.00642	0.30551
0.00644	0.39819	0.00644	0.39819
0.00646	0.46686	0.00646	0.46686
0.00649	0.50769	0.00649	0.50772
0.00651	0.51953	0.00651	0.51953
0.00653	0.50153	0.00653	0.50150
0.00655	0.45328	0.00655	0.45328
0.00658	0.37698	0.00658	0.37698
0.00660	0.27640	0.00660	0.27640
0.00662	0.15729	0.00662	0.15729
0.00664	0.03159	0.00664	0.03159
0.00667	-0.09119	0.00667	-0.09116
0.00669	-0.20029	0.00669	-0.20029
0.00671	-0.28384	0.00671	-0.28384
0.00673	-0.33905	0.00673	-0.33905
0.00676	-0.36368	0.00676	-0.36371
0.00678	-0.35742	0.00678	-0.35742
0.00680	-0.32336	0.00680	-0.32336
0.00683	-0.26270	0.00683	-0.26270
0.00685	-0.17886	0.00685	-0.17883
0.00687	-0.07870	0.00687	-0.07874
0.00689	0.03259	0.00689	0.03259
0.00692	0.14441	0.00692	0.14441
0.00694	0.24570	0.00694	0.24570
0.00696	0.32526	0.00696	0.32529
0.00698	0.37549	0.00698	0.37546
0.00701	0.39218	0.00701	0.39221
0.00703	0.37454	0.00703	0.37457
0.00705	0.32736	0.00705	0.32739
0.00707	0.25351	0.00707	0.25351
0.00710	0.15948	0.00710	0.15952
0.00712	0.04901	0.00712	0.04901
0.00714	-0.07162	0.00714	-0.07162
0.00717	-0.19232	0.00717	-0.19235
0.00719	-0.30637	0.00719	-0.30634
0.00721	-0.40137	0.00721	-0.40134
0.00723	-0.46896	0.00723	-0.46896
0.00726	-0.50443	0.00726	-0.50439
0.00728	-0.50339	0.00728	-0.50339
0.00730	-0.46973	0.00730	-0.46973
0.00732	-0.40906	0.00732	-0.40906
0.00735	-0.32748	0.00735	-0.32751
0.00737	-0.23108	0.00737	-0.23105
0.00739	-0.12723	0.00739	-0.12723
0.00741	-0.02145	0.00741	-0.02145
0.00744	0.07993	0.00744	0.07993
0.00746	0.16702	0.00746	0.16702
0.00748	0.23132	0.00748	0.23129
0.00751	0.26501	0.00751	0.26498
0.00753	0.26440	0.00753	0.26440
0.00755	0.22873	0.00755	0.22873
0.00757	0.16345	0.00757	0.16345
0.00760	0.07565	0.00760	0.07565
0.00762	-0.02710	0.00762	-0.02710
0.00764	-0.13544	0.00764	-0.13544
0.00766	-0.24310	0.00766	-0.24307
0.00769	-0.34360	0.00769	-0.34363
0.00771	-0.43185	0.00771	-0.43185
0.00773	-0.49881	0.00773	-0.49884
0.00776	-0.53909	0.00776	-0.53912
0.00778	-0.54846	0.00778	-0.54846
0.00780	-0.52225	0.00780	-0.52225
0.00782	-0.46396	0.00782	-0.46396
0.00785	-0.37943	0.00785	-0.37946
0.00787	-0.27716	0.00787	-0.27719
0.00789	-0.16650	0.00789	-0.16650
0.00791	-0.05615	0.00791	-0.05612
0.00794	0.04745	0.00794	0.04745
0.00796	0.13940	0.00796	0.13940
0.00798	0.21188	0.00798	0.21188
0.00800	0.26065	0.00800	0.26068
0.00803	0.28079	0.00803	0.28079
0.00805	0.26807	0.00805	0.26804
0.00807	0.22330	0.00807	0.22327
0.00810	0.15070	0.00810	0.15070
0.00812	0.05743	0.00812	0.05743
0.00814	-0.04755	0.00814	-0.04758
0.00816	-0.15210	0.00816	-0.15210
0.00819	-0.24872	0.00819	-0.24869
0.00821	-0.33054	0.00821	-0.33054
0.00823	-0.39224	0.00823	-0.39227
0.00825	-0.43127	0.00825	-0.43124
0.00828	-0.44348	0.00828	-0.44351
0.00830	-0.42639	0.00830	-0.42639
0.00832	-0.37976	0.00832	-0.37973
0.00834	-0.30301	0.00834	-0.30298
0.00837	-0.20291	0.00837	-0.20288
0.00839	-0.08817	0.00839	-0.08817
0.00841	0.03223	0.00841	0.03223
0.00844	0.14563	0.00844	0.14563
0.00846	0.24536	0.00846	0.24539
0.00848	0.32382	0.00848	0.32379
0.00850	0.37683	0.00850	0.37680
0.00853	0.40381	0.00853	0.40381
0.00855	0.40356	0.00855	0.40359
0.00857	0.37372	0.00857	0.37369
0.00859	0.31598	0.00859	0.31598
0.00862	0.23438	0.00862	0.23438
0.00864	0.13431	0.00864	0.13431
0.00866	0.02625	0.00866	0.02628
0.00868	-0.08044	0.00868	-0.08047
0.00871	-0.17313	0.00871	-0.17316
0.00873	-0.24466	0.00873	-0.24463
0.00875	-0.29041	0.00875	-0.29041
0.00878	-0.30695	0.00878	-0.30695
0.00880	-0.29626	0.00880	-0.29626
0.00882	-0.25903	0.00882	-0.25906
0.00884	-0.19568	0.00884	-0.19571
0.00887	-0.10944	0.00887	-0.10941
0.00889	-0.00403	0.00889	-0.00406
0.00891	0.11163	0.00891	0.11163
0.00893	0.22906	0.00893	0.22906
0.00896	0.33759	0.00896	0.33755
0.00898	0.42599	0.00898	0.42603
0.00900	0.48840	0.00900	0.48840
0.00902	0.51813	0.00902	0.51816
0.00905	0.51682	0.00905	0.51678
0.00907	0.48672	0.00907	0.48676
0.00909	0.43088	0.00909	0.43088
0.00912	0.35291	0.00912	0.35291
0.00914	0.25714	0.00914	0.25714
0.00916	0.14917	0.00916	0.14917
0.00918	0.03720	0.00918	0.03717
0.00921	-0.06882	0.00921	-0.06885
0.00923	-0.15872	0.00923	-0.15875
0.00925	-0.22379	0.00925	-0.22379
0.00927	-0.25778	0.00927	-0.25778
0.00930	-0.25818	0.00930	-0.25818
0.00932	-0.22787	0.00932	-0.22787
0.00934	-0.16928	0.00934	-0.16925
0.00937	-0.09012	0.00937	-0.09012
0.00939	0.00552	0.00939	0.00552
0.00941	0.11227	0.00941	0.11230
0.00943	0.22205	0.00943	0.22208
0.00946	0.32892	0.00946	0.32889
0.00948	0.42322	0.00948	0.42325
0.00950	0.49377	0.00950	0.49377
0.00952	0.53363	0.00952	0.53366
0.00955	0.53934	0.00955	0.53934
0.00957	0.50851	0.00957	0.50851
0.00959	0.44659	0.00959	0.44662
0.00961	0.35944	0.00961	0.35941
0.00964	0.25604	0.00964	0.25604
0.00966	0.14386	0.00966	0.14386
0.00968	0.02780	0.00968	0.02780
0.00971	-0.08347	0.00971	-0.08347
0.00973	-0.18326	0.00973	-0.18320
0.00975	-0.26462	0.00975	-0.26465
0.00977	-0.31873	0.00977	-0.31876
0.00980	-0.34000	0.00980	-0.34000
0.00982	-0.32690	0.00982	-0.32690
0.00984	-0.27991	0.00984	-0.27994
0.00986	-0.20502	0.00986	-0.20505
0.00989	-0.11081	0.00989	-0.11078
0.00991	-0.00742	0.00991	-0.00742
0.00993	0.09750	0.00993	0.09747
0.00995	0.19760	0.00995	0.19757
0.00998	0.28644	0.00998	0.28644
0.01000	0.35681	0.01000	0.35681
0.01002	0.40228	0.01002	0.40228
0.01005	0.41815	0.01005	0.41815
0.01007	0.39941	0.01007	0.39944
0.01009	0.34518	0.01009	0.34521
0.01011	0.26041	0.01011	0.26041
0.01014	0.15347	0.01014	0.15347
0.01016	0.03381	0.01016	0.03378
0.01018	-0.08682	0.01018	-0.08685
0.01020	-0.20108	0.01020	-0.20105
0.01023	-0.30170	0.01023	-0.30170
0.01025	-0.38300	0.01025	-0.38297
0.01027	-0.44077	0.01027	-0.44077
0.01029	-0.47107	0.01029	-0.47110
0.01032	-0.47070	0.01032	-0.47070
0.01034	-0.43753	0.01034	-0.43750
0.01036	-0.37357	0.01036	-0.37357
0.01039	-0.28409	0.01039	-0.28412
0.01041	-0.17847	0.01041	-0.17847
0.01043	-0.06772	0.01043	-0.06775
0.01045	0.03815	0.01045	0.03815
0.01048	0.13052	0.01048	0.13052
0.01050	0.20184	0.01050	0.20181
0.01052	0.24936	0.01052	0.24933
0.01054	0.27011	0.01054	0.27011
0.01057	0.26239	0.01057	0.26239
0.01059	0.22543	0.01059	0.22543
0.01061	0.15930	0.01061	0.15933
0.01063	0.06738	0.01063	0.06744
0.01066	-0.04370	0.01066	-0.04370
0.01068	-0.16208	0.01068	-0.16208
0.01070	-0.27701	0.01070	-0.27701
0.01073	-0.37866	0.01073	-0.37866
0.01075	-0.45853	0.01075	-0.45856
0.01077	-0.51263	0.01077	-0.51263
0.01079	-0.53802	0.01079	-0.53799
0.01082	-0.53485	0.01082	-0.53485
0.01084	-0.50485	0.01084	-0.50485
0.01086	-0.44708	0.01086	-0.44708
0.01088	-0.36478	0.01088	-0.36478
0.01091	-0.26318	0.01091	-0.26315
0.01093	-0.14938	0.01093	-0.14935
0.01095	-0.03305	0.01095	-0.03305
0.01098	0.07388	0.01098	0.07391
0.01100	0.16122	0.01100	0.16119
0.01102	0.22281	0.01102	0.22281
0.01104	0.25476	0.01104	0.25476
0.01107	0.25729	0.01107	0.25729
0.01109	0.23181	0.01109	0.23184
0.01111	0.18115	0.01111	0.18112
0.01113	0.10834	0.01113	0.10834
0.01116	0.01816	0.01116	0.01816
0.01118	-0.08533	0.01118	-0.08533
0.01120	-0.19305	0.01120	-0.19305
0.01122	-0.29422	0.01122	-0.29425
0.01125	-0.37997	0.01125	-0.38000
0.01127	-0.44009	0.01127	-0.44006
0.01129	-0.46982	0.01129	-0.46979
0.01132	-0.46826	0.01132	-0.46826
0.01134	-0.43674	0.01134	-0.43674
0.01136	-0.37924	0.01136	-0.37924
0.01138	-0.30051	0.01138	-0.30048
0.01141	-0.20529	0.01141	-0.20529
0.01143	-0.09790	0.01143	-0.09787
0.01145	0.01514	0.01145	0.01511
0.01147	0.12485	0.01147	0.12485
0.01150	0.22424	0.01150	0.22421
0.01152	0.30231	0.01152	0.30228
0.01154	0.35220	0.01154	0.35223
0.01156	0.36942	0.01156	0.36942
0.01159	0.35349	0.01159	0.35352
0.01161	0.30942	0.01161	0.30942
0.01163	0.24167	0.01163	0.24167
0.01166	0.15842	0.01166	0.15845
0.01168	0.06375	0.01168	0.06378
0.01170	-0.03488	0.01170	-0.03485
0.01172	-0.13046	0.01172	-0.13046
0.01175	-0.21729	0.01175	-0.21729
0.01177	-0.28659	0.01177	-0.28659
0.01179	-0.33023	0.01179	-0.33020
0.01181	-0.34259	0.01181	-0.34259
0.01184	-0.32254	0.01184	-0.32257
0.01186	-0.26996	0.01186	-0.26996
0.01188	-0.19165	0.01188	-0.19165
0.01190	-0.09503	0.01190	-0.09503
0.01193	0.01291	0.01193	0.01291
0.01195	0.12238	0.01195	0.12234
0.01197	0.22900	0.01197	0.22900
0.01200	0.32745	0.01200	0.32745
0.01202	0.40955	0.01202	0.40955
0.01204	0.46985	0.01204	0.46988
0.01206	0.50092	0.01206	0.50089
0.01209	0.49860	0.01209	0.49863
0.01211	0.46259	0.01211	0.46259
0.01213	0.39587	0.01213	0.39587
0.01215	0.30640	0.01215	0.30640
0.01218	0.20340	0.01218	0.20343
0.01220	0.09760	0.01220	0.09766
0.01222	-0.00427	0.01222	-0.00427
0.01224	-0.09576	0.01224	-0.09573
0.01227	-0.17075	0.01227	-0.17075
0.01229	-0.22516	0.01229	-0.22513
0.01231	-0.25339	0.01231	-0.25342
0.01234	-0.25238	0.01234	-0.25241
0.01236	-0.21863	0.01236	-0.21863
0.01238	-0.15363	0.01238	-0.15363
0.01240	-0.06299	0.01240	-0.06296
0.01243	0.04529	0.01243	0.04529
0.01245	0.15942	0.01245	0.15942
0.01247	0.27042	0.01247	0.27042
0.01249	0.36926	0.01249	0.36923
0.01252	0.44946	0.01252	0.44946
0.01254	0.50711	0.01254	0.50711
0.01256	0.53864	0.01256	0.53864
0.01259	0.54163	0.01259	0.54166
0.01261	0.51422	0.01261	0.51419
0.01263	0.45401	0.01263	0.45398
0.01265	0.36679	0.01265	0.36679
0.01268	0.25909	0.01268	0.25909
0.01270	0.14017	0.01270	0.14017
0.01272	0.02319	0.01272	0.02319
0.01274	-0.08444	0.01274	-0.08447
0.01277	-0.17258	0.01277	-0.17258
0.01279	-0.23581	0.01279	-0.23578
0.01281	-0.27280	0.01281	-0.27280
0.01283	-0.28323	0.01283	-0.28323
0.01286	-0.26431	0.01286	-0.26434
0.01288	-0.21579	0.01288	-0.21579
0.01290	-0.14444	0.01290	-0.14444
0.01293	-0.04935	0.01293	-0.04932
0.01295	0.06018	0.01295	0.06018
0.01297	0.17102	0.01297	0.17099
0.01299	0.27521	0.01299	0.27521
0.01302	0.36029	0.01302	0.36029
0.01304	0.41925	0.01304	0.41922
0.01306	0.44870	0.01306	0.44873
0.01308	0.44781	0.01308	0.44781
0.01311	0.41705	0.01311	0.41705
0.01313	0.35898	0.01313	0.35898
0.01315	0.27618	0.01315	0.27618
0.01317	0.17300	0.01317	0.17297
0.01320	0.05499	0.01320	0.05502
0.01322	-0.06900	0.01322	-0.06900
0.01324	-0.18744	0.01324	-0.18744
0.01327	-0.29044	0.01327	-0.29044
0.01329	-0.36813	0.01329	-0.36813
0.01331	-0.41614	0.01331	-0.41614
0.01333	-0.43106	0.01333	-0.43106
0.01336	-0.41550	0.01336	-0.41550
0.01338	-0.37299	0.01338	-0.37299
0.01340	-0.30630	0.01340	-0.30627
0.01342	-0.22180	0.01342	-0.22177
0.01345	-0.12292	0.01345	-0.12292
0.01347	-0.01620	0.01347	-0.01614
0.01349	0.08884	0.01349	0.08887
0.01351	0.18274	0.01351	0.18271
0.01354	0.25491	0.01354	0.25491
0.01356	0.29800	0.01356	0.29797
0.01358	0.30707	0.01358	0.30704
0.01361	0.28244	0.01361	0.28244
0.01363	0.22827	0.01363	0.22830
0.01365	0.15030	0.01365	0.15030
0.01367	0.05502	0.01367	0.05502
0.01370	-0.05182	0.01370	-0.05185
0.01372	-0.16351	0.01372	-0.16351
0.01374	-0.27408	0.01374	-0.27408
0.01376	-0.37506	0.01376	-0.37506
0.01379	-0.45740	0.01379	-0.45743
0.01381	-0.51370	0.01381	-0.51370
0.01383	-0.53745	0.01383	-0.53745
0.01385	-0.52637	0.01385	-0.52637
0.01388	-0.48340	0.01388	-0.48343
0.01390	-0.41382	0.01390	-0.41385
0.01392	-0.32489	0.01392	-0.32489
0.01395	-0.22488	0.01395	-0.22491
0.01397	-0.12057	0.01397	-0.12061
0.01399	-0.01669	0.01399	-0.01666
0.01401	0.07898	0.01401	0.07901
0.01404	0.15903	0.01404	0.15906
0.01406	0.21719	0.01406	0.21719
0.01408	0.24640	0.01408	0.24640
0.01410	0.24274	0.01410	0.24274
0.01413	0.20572	0.01413	0.20572
0.01415	0.13983	0.01415	0.13983
0.01417	0.05133	0.01417	0.05130
0.01420	-0.04898	0.01420	-0.04898
0.01422	-0.15247	0.01422	-0.15250
0.01424	-0.25272	0.01424	-0.25275
0.01426	-0.34247	0.01426	-0.34244
0.01429	-0.41806	0.01429	-0.41803
0.01431	-0.47229	0.01431	-0.47226
0.01433	-0.50046	0.01433	-0.50046
0.01435	-0.49969	0.01435	-0.49966
0.01438	-0.46613	0.01438	-0.46606
0.01440	-0.40186	0.01440	-0.40182
0.01442	-0.31302	0.01442	-0.31302
0.01444	-0.20685	0.01444	-0.20688
0.01447	-0.09369	0.01447	-0.09369
0.01449	0.01648	0.01449	0.01648
0.01451	0.11707	0.01451	0.11710
0.01454	0.20175	0.01454	0.20178
0.01456	0.26657	0.01456	0.26657
0.01458	0.30817	0.01458	0.30817
0.01460	0.32120	0.01460	0.32120
0.01463	0.30453	0.01463	0.30453
0.01465	0.25821	0.01465	0.25821
0.01467	0.18475	0.01467	0.18472
0.01469	0.09229	0.01469	0.09229
0.01472	-0.01102	0.01472	-0.01102
0.01474	-0.11343	0.01474	-0.11343
0.01476	-0.20584	0.01476	-0.20584
0.01478	-0.28149	0.01478	-0.28146
0.01481	-0.33411	0.01481	-0.33411
0.01483	-0.36307	0.01483	-0.36310
0.01485	-0.36694	0.01485	-0.36691
0.01488	-0.34326	0.01488	-0.34326
0.01490	-0.29153	0.01490	-0.29147
0.01492	-0.21396	0.01492	-0.21396
0.01494	-0.11404	0.01494	-0.11404
0.01497	0.00018	0.01497	0.00018
0.01499	0.11746	0.01499	0.11746
0.01501	0.22769	0.01501	0.22769
0.01503	0.32245	0.01503	0.32245
0.01506	0.39355	0.01506	0.39355
0.01508	0.43750	0.01508	0.43747
0.01510	0.45465	0.01510	0.45465
0.01512	0.44427	0.01512	0.44427
0.01515	0.40771	0.01515	0.40775
0.01517	0.34576	0.01517	0.34576
0.01519	0.26151	0.01519	0.26151
0.01522	0.16150	0.01522	0.16150
0.01524	0.05417	0.01524	0.05417
0.01526	-0.05020	0.01526	-0.05020
0.01528	-0.14059	0.01528	-0.14062
0.01531	-0.20947	0.01531	-0.20947
0.01533	-0.25043	0.01533	-0.25040
0.01535	-0.26105	0.01535	-0.26105
0.01537	-0.24384	0.01537	-0.24380
0.01540	-0.20007	0.01540	-0.20007
0.01542	-0.13348	0.01542	-0.13348
0.01544	-0.04630	0.01544	-0.04630
0.01546	0.05594	0.01546	0.05594
0.01549	0.16620	0.01549	0.16620
0.01551	0.27789	0.01551	0.27792
0.01553	0.38013	0.01553	0.38013
0.01556	0.46112	0.01556	0.46109
0.01558	0.51529	0.01558	0.51529
0.01560	0.53604	0.01560	0.53604
0.01562	0.52341	0.01562	0.52341
0.01565	0.48203	0.01565	0.48206
0.01567	0.41479	0.01567	0.41479
0.01569	0.32928	0.01569	0.32932
0.01571	0.22940	0.01571	0.22937
0.01574	0.12070	0.01574	0.12073
0.01576	0.01114	0.01576	0.01117
0.01578	-0.09109	0.01578	-0.09109
0.01580	-0.17816	0.01580	-0.17816
0.01583	-0.23944	0.01583	-0.23941
0.01585	-0.26947	0.01585	-0.26947
0.01587	-0.26642	0.01587	-0.26642
0.01590	-0.23053	0.01590	-0.23050
0.01592	-0.16833	0.01592	-0.16833
0.01594	-0.08603	0.01594	-0.08603
0.01596	0.00964	0.01596	0.00964
0.01599	0.11172	0.01599	0.11172
0.01601	0.21393	0.01601	0.21396
0.01603	0.31073	0.01603	0.31070
0.01605	0.39273	0.01605	0.39273
0.01608	0.45273	0.01608	0.45273
0.01610	0.48337	0.01610	0.48337
0.01612	0.47864	0.01612	0.47864
0.01615	0.43930	0.01615	0.43927
0.01617	0.36829	0.01617	0.36826
0.01619	0.27359	0.01619	0.27362
0.01621	0.16412	0.01621	0.16412
0.01624	0.04855	0.01624	0.04855
0.01626	-0.06427	0.01626	-0.06430
0.01628	-0.16971	0.01628	-0.16974
0.01630	-0.26147	0.01630	-0.26147
0.01633	-0.33356	0.01633	-0.33359
0.01635	-0.37985	0.01635	-0.37988
0.01637	-0.39435	0.01637	-0.39435
0.01639	-0.37619	0.01639	-0.37622
0.01642	-0.32523	0.01642	-0.32520
0.01644	-0.24823	0.01644	-0.24817
0.01646	-0.15302	0.01646	-0.15305
0.01649	-0.04807	0.01649	-0.04807
0.01651	0.05496	0.01651	0.05499
0.01653	0.14954	0.01653	0.14951
0.01655	0.22852	0.01655	0.22852
0.01658	0.28781	0.01658	0.28778
0.01660	0.32260	0.01660	0.32260
0.01662	0.32852	0.01662	0.32849
0.01664	0.30356	0.01664	0.30356
0.01667	0.24579	0.01667	0.24579
0.01669	0.16022	0.01669	0.16022
0.01671	0.05411	0.01671	0.05411
0.01673	-0.06369	0.01673	-0.06366
0.01676	-0.18030	0.01676	-0.18033
0.01678	-0.28754	0.01678	-0.28748
0.01680	-0.37854	0.01680	-0.37854
0.01683	-0.44736	0.01683	-0.44742
0.01685	-0.49216	0.01685	-0.49216
0.01687	-0.51025	0.01687	-0.51025
0.01689	-0.49951	0.01689	-0.49954
0.01692	-0.46002	0.01692	-0.45999
0.01694	-0.39224	0.01694	-0.39227
0.01696	-0.30096	0.01696	-0.30093
0.01698	-0.19577	0.01698	-0.19574
0.01701	-0.08484	0.01701	-0.08484
0.01703	0.01941	0.01703	0.01944
0.01705	0.10715	0.01705	0.10715
0.01707	0.17319	0.01707	0.17316
0.01710	0.21371	0.01710	0.21371
0.01712	0.22797	0.01712	0.22797
0.01714	0.21484	0.01714	0.21481
0.01717	0.17505	0.01717	0.17505
0.01719	0.11023	0.01719	0.11026
0.01721	0.02365	0.01721	0.02365
0.01723	-0.07874	0.01723	-0.07874
0.01726	-0.18802	0.01726	-0.18802
0.01728	-0.29388	0.01728	-0.29388
0.01730	-0.38437	0.01730	-0.38437
0.01732	-0.45432	0.01732	-0.45435
0.01735	-0.49677	0.01735	-0.49680
0.01737	-0.50909	0.01737	-0.50912
0.01739	-0.49408	0.01739	-0.49408
0.01741	-0.45297	0.01741	-0.45297
0.01744	-0.38864	0.01744	-0.38864
0.01746	-0.30252	0.01746	-0.30252
0.01748	-0.20111	0.01748	-0.20111
0.01751	-0.08954	0.01751	-0.08954
0.01753	0.02289	0.01753	0.02283
0.01755	0.12546	0.01755	0.12543
0.01757	0.21014	0.01757	0.21017
0.01760	0.26746	0.01760	0.26746
0.01762	0.29413	0.01762	0.29413
0.01764	0.29099	0.01764	0.29099
0.01766	0.26059	0.01766	0.26059
0.01769	0.20700	0.01769	0.20703
0.01771	0.13449	0.01771	0.13449
0.01773	0.04767	0.01773	0.04767
0.01776	-0.04840	0.01776	-0.04840
0.01778	-0.14670	0.01778	-0.14667
0.01780	-0.23856	0.01780	-0.23856
0.01782	-0.31537	0.01782	-0.31534
0.01785	-0.36807	0.01785	-0.36807
0.01787	-0.39108	0.01787	-0.39105
0.01789	-0.38202	0.01789	-0.38205
0.01791	-0.34286	0.01791	-0.34283
0.01794	-0.27841	0.01794	-0.27841
0.01796	-0.19440	0.01796	-0.19437
0.01798	-0.09717	0.01798	-0.09717
0.01800	0.00845	0.01800	0.00845
0.01803	0.11584	0.01803	0.11584
0.01805	0.21909	0.01805	0.21909
0.01807	0.31039	0.01807	0.31039
0.01810	0.38031	0.01810	0.38028
0.01812	0.42294	0.01812	0.42297
0.01814	0.43329	0.01814	0.43329
0.01816	0.41086	0.01816	0.41086
0.01819	0.35983	0.01819	0.35980
0.01821	0.28632	0.01821	0.28632
0.01823	0.19870	0.01823	0.19867
0.01825	0.10397	0.01825	0.10394
0.01828	0.00778	0.01828	0.00778
0.01830	-0.08350	0.01830	-0.08347
0.01832	-0.16321	0.01832	-0.16318
0.01834	-0.22586	0.01834	-0.22586
0.01837	-0.26465	0.01837	-0.26468
0.01839	-0.27368	0.01839	-0.27368
0.01841	-0.25085	0.01841	-0.25082
0.01844	-0.19672	0.01844	-0.19672
0.01846	-0.11664	0.01846	-0.11661
0.01848	-0.01926	0.01848	-0.01926
0.01850	0.08826	0.01850	0.08829
0.01853	0.19611	0.01853	0.19611
0.01855	0.29672	0.01855	0.29672
0.01857	0.38541	0.01857	0.38541
0.01859	0.45618	0.01859	0.45615
0.01862	0.50473	0.01862	0.50473
0.01864	0.52509	0.01864	0.52505
0.01866	0.51303	0.01866	0.51303
0.01868	0.46912	0.01868	0.46912
0.01871	0.39590	0.01871	0.39594
0.01873	0.30078	0.01873	0.30075
0.01875	0.19287	0.01875	0.19287
0.01878	0.08301	0.01878	0.08298
0.01880	-0.01886	0.01880	-0.01889
0.01882	-0.10693	0.01882	-0.10693
0.01884	-0.17682	0.01884	-0.17682
0.01887	-0.22513	0.01887	-0.22516
0.01889	-0.24716	0.01889	-0.24716
0.01891	-0.24139	0.01891	-0.24136
0.01893	-0.20621	0.01893	-0.20621
0.01896	-0.14233	0.01896	-0.14233
0.01898	-0.05481	0.01898	-0.05475
0.01900	0.05084	0.01900	0.05087
0.01902	0.16159	0.01902	0.16156
0.01905	0.26538	0.01905	0.26535
0.01907	0.35587	0.01907	0.35583
0.01909	0.42545	0.01909	0.42548
0.01912	0.47064	0.01912	0.47064
0.01914	0.48969	0.01914	0.48969
0.01916	0.47980	0.01916	0.47980
0.01918	0.44110	0.01918	0.44110
0.01921	0.37457	0.01921	0.37457
0.01923	0.28366	0.01923	0.28366
0.01925	0.17383	0.01925	0.17386
0.01927	0.05444	0.01927	0.05444
0.01930	-0.06229	0.01930	-0.06229
0.01932	-0.16714	0.01932	-0.16718
0.01934	-0.25143	0.01934	-0.25143
0.01937	-0.30820	0.01937	-0.30820
0.01939	-0.33698	0.01939	-0.33698
0.01941	-0.33835	0.01941	-0.33835
0.01943	-0.31155	0.01943	-0.31155
0.01946	-0.25885	0.01946	-0.25885
0.01948	-0.18420	0.01948	-0.18420
0.01950	-0.09210	0.01950	-0.09207
0.01952	0.01163	0.01952	0.01163
0.01955	0.11774	0.01955	0.11771
0.01957	0.21420	0.01957	0.21420
0.01959	0.29144	0.01959	0.29141
0.01961	0.34195	0.01961	0.34192
0.01964	0.36160	0.01964	0.36154
0.01966	0.34988	0.01966	0.34988
0.01968	0.31000	0.01968	0.30997
0.01971	0.24527	0.01971	0.24524
0.01973	0.15982	0.01973	0.15985
0.01975	0.05731	0.01975	0.05731
0.01977	-0.05417	0.01977	-0.05414
0.01980	-0.16873	0.01980	-0.16870
0.01982	-0.27866	0.01982	-0.27866
0.01984	-0.37079	0.01984	-0.37076
0.01986	-0.44034	0.01986	-0.44037
0.01989	-0.47885	0.01989	-0.47882
0.01991	-0.48547	0.01991	-0.48550
0.01993	-0.46011	0.01993	-0.46014
0.01995	-0.40811	0.01995	-0.40814
0.01998	-0.33737	0.01998	-0.33734
0.02000	-0.25043	0.02000	-0.25040
0.02002	-0.15332	0.02002	-0.15335
0.02005	-0.05090	0.02005	-0.05093
0.02007	0.04715	0.02007	0.04712
0.02009	0.13449	0.02009	0.13449
0.02011	0.20120	0.02011	0.20117
0.02014	0.23816	0.02014	0.23816
0.02016	0.24356	0.02016	0.24356
0.02018	0.21671	0.02018	0.21671
0.02020	0.16037	0.02020	0.16040
0.02023	0.08252	0.02023	0.08255
0.02025	-0.01062	0.02025	-0.01065
0.02027	-0.11069	0.02027	-0.11069
0.02029	-0.21170	0.02029	-0.21170
0.02032	-0.30927	0.02032	-0.30930
0.02034	-0.39484	0.02034	-0.39481
0.02036	-0.46326	0.02036	-0.46323
0.02039	-0.50604	0.02039	-0.50604
0.02041	-0.51932	0.02041	-0.51935
0.02043	-0.50064	0.02043	-0.50064
0.02045	-0.44965	0.02045	-0.44962
0.02048	-0.37396	0.02048	-0.37393
0.02050	-0.28003	0.02050	-0.28003
0.02052	-0.17679	0.02052	-0.17679
0.02054	-0.07266	0.02054	-0.07266
0.02057	0.02737	0.02057	0.02734
0.02059	0.11679	0.02059	0.11682
0.02061	0.18973	0.02061	0.18976
0.02063	0.24106	0.02063	0.24106
0.02066	0.26599	0.02066	0.26596
0.02068	0.25964	0.02068	0.25964
0.02070	0.22159	0.02070	0.22156
0.02073	0.15652	0.02073	0.15649
0.02075	0.07077	0.02075	0.07077
0.02077	-0.02652	0.02077	-0.02652
0.02079	-0.12589	0.02079	-0.12585
0.02082	-0.21832	0.02082	-0.21826
0.02084	-0.29785	0.02084	-0.29782
0.02086	-0.36053	0.02086	-0.36057
0.02088	-0.40250	0.02088	-0.40250
0.02091	-0.42004	0.02091	-0.42001
0.02093	-0.41040	0.02093	-0.41040
0.02095	-0.37231	0.02095	-0.37234
0.02098	-0.30594	0.02098	-0.30594
0.02100	-0.21698	0.02100	-0.21698
0.02102	-0.11197	0.02102	-0.11194
0.02104	-0.00012	0.02104	-0.00012
0.02107	0.10672	0.02107	0.10672
0.02109	0.20239	0.02109	0.20242
0.02111	0.28018	0.02111	0.28018
0.02113	0.33563	0.02113	0.33566
0.02116	0.36761	0.02116	0.36758
0.02118	0.37317	0.02118	0.37320
0.02120	0.35083	0.02120	0.35083
0.02122	0.30167	0.02122	0.30164
0.02125	0.22736	0.02125	0.22739
0.02127	0.13580	0.02127	0.13580
0.02129	0.03540	0.02129	0.03540
0.02132	-0.06461	0.02132	-0.06464
0.02134	-0.15271	0.02134	-0.15268
0.02136	-0.22263	0.02136	-0.22263
0.02138	-0.26968	0.02138	-0.26968
0.02141	-0.29068	0.02141	-0.29068
0.02143	-0.28561	0.02143	-0.28555
0.02145	-0.25491	0.02145	-0.25491
0.02147	-0.19916	0.02147	-0.19919
0.02150	-0.12128	0.02150	-0.12125
0.02152	-0.02444	0.02152	-0.02444
0.02154	0.08463	0.02154	0.08463
0.02156	0.19647	0.02156	0.19650
0.02159	0.30118	0.02159	0.30118
0.02161	0.38864	0.02161	0.38867
0.02163	0.45142	0.02163	0.45139
0.02166	0.48584	0.02166	0.48584
0.02168	0.49158	0.02168	0.49158
0.02170	0.46942	0.02170	0.46942
0.02172	0.42261	0.02172	0.42264
0.02175	0.35394	0.02175	0.35397
0.02177	0.26761	0.02177	0.26761
0.02179	0.16699	0.02179	0.16699
0.02181	0.06161	0.02181	0.06158
0.02184	-0.03903	0.02184	-0.03900
0.02186	-0.12720	0.02186	-0.12720
0.02188	-0.19214	0.02188	-0.19214
0.02190	-0.22861	0.02190	-0.22864
0.02193	-0.23419	0.02193	-0.23419
0.02195	-0.21091	0.02195	-0.21091
0.02197	-0.16177	0.02197	-0.16177
0.02200	-0.09116	0.02200	-0.09109
0.02202	-0.00497	0.02202	-0.00497
0.02204	0.09238	0.02204	0.09238
0.02206	0.19562	0.02206	0.19562
0.02209	0.29688	0.02209	0.29688
0.02211	0.38776	0.02211	0.38773
0.02213	0.45908	0.02213	0.45911
0.02215	0.50165	0.02215	0.50165
0.02218	0.51227	0.02218	0.51227
0.02220	0.48996	0.02220	0.48993
0.02222	0.43649	0.02222	0.43646
0.02224	0.36014	0.02224	0.36017
0.02227	0.26666	0.02227	0.26669
0.02229	0.16302	0.02229	0.16302
0.02231	0.05542	0.02231	0.05542
0.02234	-0.05029	0.02234	-0.05032
0.02236	-0.14624	0.02236	-0.14624
0.02238	-0.22696	0.02238	-0.22696
0.02240	-0.28296	0.02240	-0.28293
0.02243	-0.30853	0.02243	-0.30850
0.02245	-0.30173	0.02245	-0.30176
0.02247	-0.26321	0.02247	-0.26321
0.02249	-0.19901	0.02249	-0.19901
0.02252	-0.11517	0.02252	-0.11517
0.02254	-0.02011	0.02254	-0.02011
0.02256	0.07706	0.02256	0.07706
0.02259	0.17099	0.02259	0.17099
0.02261	0.25546	0.02261	0.25546
0.02263	0.32495	0.02263	0.32492
0.02265	0.37271	0.02265	0.37268
0.02268	0.39215	0.02268	0.39218
0.02270	0.37970	0.02270	0.37970
0.02272	0.33316	0.02272	0.33316
0.02274	0.25739	0.02274	0.25735
0.02277	0.15982	0.02277	0.15982
0.02279	0.04984	0.02279	0.04984
0.02281	-0.06387	0.02281	-0.06384
0.02283	-0.17218	0.02283	-0.17218
0.02286	-0.26959	0.02286	-0.26959
0.02288	-0.35019	0.02288	-0.35019
0.02290	-0.40814	0.02290	-0.40817
0.02293	-0.44229	0.02293	-0.44232
0.02295	-0.44785	0.02295	-0.44785
0.02297	-0.42181	0.02297	-0.42181
0.02299	-0.36578	0.02299	-0.36578
0.02302	-0.28571	0.02302	-0.28574
0.02304	-0.18863	0.02304	-0.18863
0.02306	-0.08508	0.02306	-0.08508
0.02308	0.01471	0.02308	0.01471
0.02311	0.10458	0.02311	0.10458
0.02313	0.17603	0.02313	0.17606
0.02315	0.22653	0.02315	0.22653
0.02317	0.25317	0.02317	0.25314
0.02320	0.25287	0.02320	0.25284
0.02322	0.22510	0.02322	0.22510
0.02324	0.16779	0.02324	0.16776
0.02327	0.08456	0.02327	0.08453
0.02329	-0.01572	0.02329	-0.01569
0.02331	-0.12582	0.02331	-0.12579
0.02333	-0.23428	0.02333	-0.23428
0.02336	-0.33087	0.02336	-0.33087
0.02338	-0.41006	0.02338	-0.41010
0.02340	-0.46371	0.02340	-0.46368
0.02342	-0.49255	0.02342	-0.49255
0.02345	-0.49689	0.02345	-0.49692
0.02347	-0.47452	0.02347	-0.47455
0.02349	-0.42731	0.02349	-0.42731
0.02351	-0.35666	0.02351	-0.35669
0.02354	-0.26611	0.02354	-0.26611
0.02356	-0.16299	0.02356	-0.16299
0.02358	-0.05643	0.02358	-0.05640
0.02361	0.04443	0.02361	0.04443
0.02363	0.12817	0.02363	0.12817
0.02365	0.18832	0.02365	0.18829
0.02367	0.22272	0.02367	0.22272
0.02370	0.22940	0.02370	0.22940
0.02372	0.20999	0.02372	0.20996
0.02374	0.16669	0.02374	0.16666
0.02376	0.10315	0.02376	0.10318
0.02379	0.02231	0.02379	0.02228
0.02381	-0.07227	0.02381	-0.07227
0.02383	-0.17200	0.02383	-0.17200
0.02385	-0.26740	0.02385	-0.26740
0.02388	-0.34879	0.02388	-0.34882
0.02390	-0.40823	0.02390	-0.40820
0.02392	-0.44012	0.02392	-0.44009
0.02395	-0.44235	0.02395	-0.44238
0.02397	-0.41678	0.02397	-0.41678
0.02399	-0.36691	0.02399	-0.36688
0.02401	-0.29611	0.02401	-0.29611
0.02404	-0.20999	0.02404	-0.20996
0.02406	-0.11035	0.02406	-0.11038
0.02408	-0.00336	0.02408	-0.00339
0.02410	0.10092	0.02410	0.10095
0.02413	0.19705	0.02413	0.19705
0.02415	0.27469	0.02415	0.27472
0.02417	0.32660	0.02417	0.32657
0.02420	0.34836	0.02420	0.34833
0.02422	0.33936	0.02422	0.33936
0.02424	0.30182	0.02424	0.30179
0.02426	0.24133	0.02426	0.24133
0.02429	0.16583	0.02429	0.16577
0.02431	0.08002	0.02431	0.08002
0.02433	-0.01041	0.02433	-0.01041
0.02435	-0.10098	0.02435	-0.10098
0.02438	-0.18506	0.02438	-0.18509
0.02440	-0.25391	0.02440	-0.25394
0.02442	-0.29892	0.02442	-0.29892
0.02444	-0.31577	0.02444	-0.31577
0.02447	-0.30231	0.02447	-0.30228
0.02449	-0.25894	0.02449	-0.25897
0.02451	-0.19153	0.02451	-0.19153
0.02454	-0.10574	0.02454	-0.10574
0.02456	-0.00937	0.02456	-0.00937
0.02458	0.09280	0.02458	0.09283
0.02460	0.19528	0.02460	0.19528
0.02463	0.28876	0.02463	0.28876
0.02465	0.36990	0.02465	0.36990
0.02467	0.43185	0.02467	0.43185
0.02469	0.46512	0.02469	0.46512
0.02472	0.46854	0.02472	0.46854
0.02474	0.44095	0.02474	0.44098
0.02476	0.38406	0.02476	0.38406
0.02478	0.30612	0.02478	0.30609
0.02481	0.21335	0.02481	0.21335
0.02483	0.11487	0.02483	0.11487
0.02485	0.02075	0.02485	0.02075
0.02488	-0.06607	0.02488	-0.06610
0.02490	-0.14072	0.02490	-0.14066
0.02492	-0.19629	0.02492	-0.19623
0.02494	-0.22806	0.02494	-0.22803
0.02497	-0.23077	0.02497	-0.23077
0.02499	-0.20410	0.02499	-0.20410
0.02501	-0.14951	0.02501	-0.14948
0.02503	-0.07129	0.02503	-0.07129
0.02506	0.02457	0.02506	0.02457
0.02508	0.13004	0.02508	0.13004
0.02510	0.23187	0.02510	0.23190
0.02512	0.32434	0.02512	0.32434
0.02515	0.40219	0.02515	0.40219
0.02517	0.45993	0.02517	0.45993
0.02519	0.49484	0.02519	0.49484
0.02522	0.50229	0.02522	0.50232
0.02524	0.48099	0.02524	0.48099
0.02526	0.43036	0.02526	0.43036
0.02528	0.35291	0.02528	0.35291
0.02531	0.25488	0.02531	0.25488
0.02533	0.14481	0.02533	0.14481
0.02535	0.03418	0.02535	0.03421
0.02537	-0.06787	0.02537	-0.06784
0.02540	-0.15295	0.02540	-0.15295
0.02542	-0.21561	0.02542	-0.21561
0.02544	-0.25540	0.02544	-0.25540
0.02546	-0.27020	0.02546	-0.27020
0.02549	-0.25873	0.02549	-0.25876
0.02551	-0.22098	0.02551	-0.22098
0.02553	-0.15707	0.02553	-0.15707
0.02556	-0.07254	0.02556	-0.07251
0.02558	0.02658	0.02558	0.02658
0.02560	0.13147	0.02560	0.13147
0.02562	0.22980	0.02562	0.22980
0.02565	0.31079	0.02565	0.31079
0.02567	0.36862	0.02567	0.36859
0.02569	0.40070	0.02569	0.40067
0.02571	0.40573	0.02571	0.40570
0.02574	0.38446	0.02574	0.38443
0.02576	0.33725	0.02576	0.33725
0.02578	0.26587	0.02578	0.26584
0.02580	0.17267	0.02580	0.17264
0.02583	0.06393	0.02583	0.06393
0.02585	-0.05209	0.02585	-0.05212
0.02587	-0.16385	0.02587	-0.16385
0.02590	-0.26190	0.02590	-0.26190
0.02592	-0.33755	0.02592	-0.33755
0.02594	-0.38470	0.02594	-0.38474
0.02596	-0.40363	0.02596	-0.40363
0.02599	-0.39374	0.02599	-0.39371
0.02601	-0.35910	0.02601	-0.35910
0.02603	-0.30310	0.02603	-0.30307
0.02605	-0.22784	0.02605	-0.22784
0.02608	-0.13818	0.02608	-0.13818
0.02610	-0.04059	0.02610	-0.04062
0.02612	0.05756	0.02612	0.05756
0.02615	0.14752	0.02615	0.14752
0.02617	0.21735	0.02617	0.21735
0.02619	0.26062	0.02619	0.26065
0.02621	0.27420	0.02621	0.27417
0.02624	0.25717	0.02624	0.25717
0.02626	0.21390	0.02626	0.21387
0.02628	0.14651	0.02628	0.14651
0.02630	0.06177	0.02630	0.06177
0.02633	-0.03455	0.02633	-0.03452
0.02635	-0.13739	0.02635	-0.13739
0.02637	-0.23959	0.02637	-0.23959
0.02639	-0.33563	0.02639	-0.33560
0.02642	-0.41669	0.02642	-0.41672
0.02644	-0.47241	0.02644	-0.47241
0.02646	-0.49878	0.02646	-0.49881
0.02649	-0.49454	0.02649	-0.49457
0.02651	-0.46017	0.02651	-0.46017
0.02653	-0.40134	0.02653	-0.40134
0.02655	-0.32343	0.02655	-0.32343
0.02658	-0.23358	0.02658	-0.23361
0.02660	-0.13751	0.02660	-0.13751
0.02662	-0.04138	0.02662	-0.04141
0.02664	0.04977	0.02664	0.04974
0.02667	0.13000	0.02667	0.13000
0.02669	0.18991	0.02669	0.18991
0.02671	0.22379	0.02671	0.22379
0.02673	0.22690	0.02673	0.22687
0.02676	0.19907	0.02676	0.19907
0.02678	0.14450	0.02678	0.14453
0.02680	0.06787	0.02680	0.06781
0.02683	-0.02228	0.02683	-0.02225
0.02685	-0.11652	0.02685	-0.11652
0.02687	-0.20923	0.02687	-0.20920
0.02689	-0.29419	0.02689	-0.29422
0.02692	-0.36658	0.02692	-0.36658
0.02694	-0.42139	0.02694	-0.42142
0.02696	-0.45193	0.02696	-0.45197
0.02698	-0.45471	0.02698	-0.45471
0.02701	-0.42825	0.02701	-0.42825
0.02703	-0.37244	0.02703	-0.37247
0.02705	-0.29340	0.02705	-0.29343
0.02707	-0.19833	0.02707	-0.19833
0.02710	-0.09607	0.02710	-0.09607
0.02712	0.00464	0.02712	0.00464
0.02714	0.09906	0.02714	0.09906
0.02717	0.18048	0.02717	0.18048
0.02719	0.24466	0.02719	0.24463
0.02721	0.28720	0.02721	0.28717
0.02723	0.30493	0.02723	0.30493
0.02726	0.29483	0.02726	0.29483
0.02728	0.25751	0.02728	0.25751
0.02730	0.19531	0.02730	0.19534
0.02732	0.11218	0.02732	0.11215
0.02735	0.01968	0.02735	0.01968
0.02737	-0.07394	0.02737	-0.07391
0.02739	-0.16089	0.02739	-0.16089
0.02741	-0.23294	0.02741	-0.23291
0.02744	-0.28687	0.02744	-0.28687
0.02746	-0.31909	0.02746	-0.31909
0.02748	-0.32693	0.02748	-0.32697
0.02751	-0.31027	0.02751	-0.31027
0.02753	-0.26755	0.02753	-0.26755
0.02755	-0.20029	0.02755	-0.20029
0.02757	-0.11151	0.02757	-0.11151
0.02760	-0.00943	0.02760	-0.00943
0.02762	0.09784	0.02762	0.09784
0.02764	0.20193	0.02764	0.20193
0.02766	0.29031	0.02766	0.29031
0.02769	0.35938	0.02769	0.35938
0.02771	0.40503	0.02771	0.40503
0.02773	0.42404	0.02773	0.42404
0.02776	0.41901	0.02776	0.41901
0.02778	0.38870	0.02778	0.38867
0.02780	0.33423	0.02780	0.33426
0.02782	0.25891	0.02782	0.25891
0.02785	0.16733	0.02785	0.16736
0.02787	0.07004	0.02787	0.06998
0.02789	-0.02631	0.02789	-0.02634
0.02791	-0.11191	0.02791	-0.11194
0.02794	-0.17792	0.02794	-0.17792
0.02796	-0.21976	0.02796	-0.21976
0.02798	-0.23434	0.02798	-0.23434
0.02800	-0.22333	0.02800	-0.22333
0.02803	-0.18918	0.02803	-0.18921
0.02805	-0.13284	0.02805	-0.13284
0.02807	-0.05634	0.02807	-0.05637
0.02810	0.03513	0.02810	0.03513
0.02812	0.13690	0.02812	0.13687
0.02814	0.23959	0.02814	0.23962
0.02816	0.33398	0.02816	0.33398
0.02819	0.41214	0.02819	0.41217
